    N = 3
    S =
    +-------+-------+-------+-------+-------+-------+-------+-------+-------+
    |-6 1   | 1     |       | 1     |       |       |       |       |       | f(0,0,0)
    | 1-6 1 |   1   |       |   1   |       |       |       |       |       | f(1,0,0)
    |   1-6 |     1 |       |     1 |       |       |       |       |       | f(2,0,0)
    +-------+-------+-------+-------+-------+-------+-------+-------+-------+
    | 1     |-6 1   | 1     |       | 1     |       |       |       |       | f(0,1,0)
    |   1   | 1-6 1 |   1   |       |   1   |       |       |       |       | f(1,1,0)
    |     1 |   1-6 |     1 |       |     1 |       |       |       |       | f(2,1,0)
    +-------+-------+-------+-------+-------+-------+-------+-------+-------+
    |       | 1     |-6 1   |       |       | 1     |       |       |       | f(0,2,0)
    |       |   1   | 1-6 1 |       |       |   1   |       |       |       | f(1,2,0)
    |       |     1 |   1-6 |       |       |     1 |       |       |       | f(2,2,0)
    +-------+-------+-------+-------+-------+-------+-------+-------+-------+
    | 1     |       |       |-6 1   | 1     |       | 1     |       |       | f(0,0,1)
    |   1   |       |       | 1-6 1 |   1   |       |   1   |       |       | f(1,0,1)
    |     1 |       |       |   1-6 |     1 |       |     1 |       |       | f(2,0,1)
    +-------+-------+-------+-------+-------+-------+-------+-------+-------+
    |       | 1     |       | 1     |-6 1   | 1     |       | 1     |       | f(0,1,1) (+)
    |       |   1   |       |   1   | 1-6 1 |   1   |       |   1   |       | f(1,1,1) (*)
    |       |     1 |       |     1 |   1-6 |     1 |       |     1 |       | f(2,1,1) (&)
    +-------+-------+-------+-------+-------+-------+-------+-------+-------+
    |       |       | 1     |       | 1     |-6 1   |       |       | 1     | f(0,2,1)
    |       |       |   1   |       |   1   | 1-6 1 |       |       |   1   | f(1,2,1)
    |       |       |     1 |       |     1 |   1-6 |       |       |     1 | f(2,2,1)
    +-------+-------+-------+-------+-------+-------+-------+-------+-------+
    |       |       |       | 1     |       |       |-6 1   | 1     |       | f(0,0,2)
    |       |       |       |   1   |       |       | 1-6 1 |   1   |       | f(1,0,2)
    |       |       |       |     1 |       |       |   1-6 |     1 |       | f(2,0,2)
    +-------+-------+-------+-------+-------+-------+-------+-------+-------+
    |       |       |       |       | 1     |       | 1     |-6 1   | 1     | f(0,1,2)
    |       |       |       |       |   1   |       |   1   | 1-6 1 |   1   | f(1,1,2)
    |       |       |       |       |     1 |       |     1 |   1-6 |     1 | f(2,1,2)
    +-------+-------+-------+-------+-------+-------+-------+-------+-------+
    |       |       |       |       |       | 1     |       | 1     |-6 1   | f(0,2,2)
    |       |       |       |       |       |   1   |       |   1   | 1-6 1 | f(1,2,2)
    |       |       |       |       |       |     1 |       |     1 |   1-6 | f(2,2,2)
    +-------+-------+-------+-------+-------+-------+-------+-------+-------+

(+) f(1,1,1) + f(0,2,1) + f(0,1,2) -6f(0,1,1) +          + f(0,0,1) + f(0,1,0)
(*) f(2,1,1) + f(1,2,1) + f(1,1,2) -6f(1,1,1) + f(0,1,1) + f(1,0,1) + f(1,1,0)
(&)          + f(2,2,1) + f(2,1,2) -6f(2,1,1) + f(1,1,1) + f(2,0,1) + f(2,1,0)